0.3476723	                 0.3229365	0.2963864 	0.2677361 	0.2364561	                0.2020251 	0.1051972	                    0	                0	                         0                   	0                              0	                0	               0	                     0                    	0                               0                 0                          0                        0                                0
0.7624785 	0.7085263	                0.650539    	 0.5877008	0.5193911	                0.4449342 	0.2824058                     0.1124003	2.31E-02               	        0               	0	                0                	0	               0	                     0	                0                               0                 0                          0                         0                               0
1.596348	                 1.482598          	1.359973   	1.227327	                 1.084152	               0.9282036	                0.6380948 	0.2879752	                0.1196143	                 3.35E-02	                 0	                 0                               0	               0	                     0	                0                               0                 0                          0                         0                              0 
3.21117     	2.979769             	2.730333    	2.460275                	2.169285	                   1.853995	1.329586	                 0.6336878	0.2937694	                  0.1266996	4.14E-02	                0	                 0	               0	                     0	                 0                               0                 0                          0                         0                              0
6.237347	                 5.78237	                5.289965	                 4.757545	                   4.185167	3.566998          	2.803612	                  1.293474	                 0.6307714	0.2998263	                  0.1338818	0	                  0	               0	                     0	                 0                               0                 0                          0                         0                              0
11.74249	                  10.87341	                9.929691	                8.909847	                   7.816473	6.640878    	5.257259	                  2.510073	                 1.262524	                   0.6286608	0.3061609	               0.1411504        	0	               0	                     0                          0                               0                 0                          0                         0                              0
21.50955	                   19.88985	18.12769	                   16.22313	  14.18738 	12.00997	                9.530066	                   4.68348 	                 2.408367	                   1.235136	0.627893              	0.3124751	                  0.1484096	0                                    0	                  0                               0                 0                          0                         0                            0
38.46651            	35.51595	                  32.29781 	28.81662	                  25.09821 	21.16103	                  16.79165	                  8.461895	                  4.427111       	2.319316	                   1.21197	                0.6276543	                   0.3193221	0	                      0                           0                               0                 0                          0                         0                           0
0	                   62.1146	                56.35463	                50.10355	                   43.43216	36.42321	                  28.85289	                  14.87104 	7.889333	                4.202649	                2.241222	                  1.191296  	0.6287571	                0.3259792  	      0	                   0                               0                 0                          0                         0                          0
0	          106.708	               96.62026	                  85.57591                	   73.75877	61.42813             	48.44371	                    25.50516	13.68688	                7.391585	                    4.005855	2.171018	                  1.174331	               0.6299735   	0.3334432	                   0	                   0	       0                         0  	            0	                         0
0	         180.2817	                163.0769	                  143.9508	                   123.2778	101.7582	                79.66039	                    42.68123	23.19091	                  12.66541  	6.953877	                3.829776	               2.110351	                 1.158728	                 0.6327392	0.3398288 	   0	       0	                 0	           0	                         0
0	         299.3385	                 270.8514	                   238.5516	    203.0144	165.7601             	128.3281              	81.74226	                 38.39491               	21.21855	                   11.781	                 6.572355                    3.676305 	2.054654	                   1.146783	0.6350785           0.3464679 	       0	                 0                        0	                         0
0	         487.8307	                  441.8707	                 388.7186	                    328.9456	265.4549	                   202.343  	137.4294	                  61.80294 	34.75954	                  19.52107 	11.01117                    6.23693	                  3.536465          	2.004849	                1.135063	            0.6378635	0.3535295 	0 	          0                              0
0	        780.0372	                  707.6973	                 622.133  	                       523.771	  417.5313	                  312.3126	                 212.2903             	95.58423	                55.51456	                 31.65331           	18.04403	               10.32938  	                 5.933933	               3.411164    	1.962772             1.124975	0.6401609	  0.3607615	          0	                         0
0	               0	                   1113.264	977.8069	                       818.9326	644.4259              	472.2825                  	316.1666	                  140.1384	                   85.60704	50.13758	                 28.98767	               16.76756	                  9.735895 	5.663491   	3.302765	            1.922588	1.116341    0.6437751	0.3678682	                0.2062065
0	               0	                       0	                  1515.008                       1262.419	981.0044	                 702.7646	                   460.0432	194.1476	                     125.8835	77.00993	                45.55317	                   26.6838	                  15.65185	                   9.200665	5.427858	            3.200805	1.886384	   1.108998	0.6477445 	0.3751646
