1 1 0  是否物理计算，是否读入稳态，是否读入瞬态
0.0   !计算起始时间
10.0   输出时间步长
6000 输出次数
5   表格个数
2 2 2 2 2  各表格列数 
0 5000    ！1时间
0.16D6 0.16D6     ！KJ堆系统压力		
0 5000    ！3时间
3.5 3.5     ！真空室入口流量
0 5000    ！2时间
0.7D6 0.7D6     ！真空室回路压力
0 5000    ！4时间
233.632e3 233.632e3     ！真空室入口焓
0 3 ！堆芯入口流量变化率
0 0
67  !系统部件个数
0 0 0 0 0 0 2 2 2 2 2  2 2 2 2 2  2 2 2 2 2  2 2 2 2 2  2 2 2 2 2  2 2 2 2 2  2 2 2 2 2  2 2 2 2 2  2 2 2 2 2  2 2 2 2 2 2 2  2 2 2 2 2 2 2 2 2 2  2 2 2 2 2 2 2 2 2 2 ！各部件边界条件数目
3 -3              ！1号部件各边界条件对应部件数目(中心通道)      1
3 -3              ！2号部件各边界条件对应部件数目(第2圈通道)    2
3 -3              ！3号部件各边界条件对应部件数目(第3圈通道)    3
3 -3              ！4号部件各边界条件对应部件数目(第4圈通道)4
3 -3              ！5号部件各边界条件对应部件数目(第5圈通道)5
5 -1
1 -1
1 -1
1 -1
1 -1
1 -2
1 -1
1 -1
1 -1
5 -1
1 -1
1 -1
1 -1
1 -1
1 -2
1 -1
1 -1
1 -1
5 -1
1 -1
1 -1
1 -1
1 -1
1 -2
1 -1
1 -1
1 -1
1 -5
1 -1
1 -1
2 -1
2 -1
2 -1
1 -5
1 -1
1 -1
2 -1
2 -1
2 -1
1 -5
1 -1
1 -1
2 -1
2 -1
2 -1
1 -3
1 -1
3 -1
1 -1              ！34号部件各边界条件对应部件数目(1号集流环1)34
1 -1              ！35号部件各边界条件对应部件数目(1号集流环2)35
1 -1              ！36号部件各边界条件对应部件数目(1号集流环3)36
1 -1              ！37号部件各边界条件对应部件数目(1号集流环4)37
1 -1              ！38号部件各边界条件对应部件数目(1号集流环5)38
1 -1              ！39号部件各边界条件对应部件数目(1号集流环6)39
1 -1              ！40号部件各边界条件对应部件数目(2号集流环1)40
1 -1              ！41号部件各边界条件对应部件数目(2号集流环2)41
1 -1              ！42号部件各边界条件对应部件数目(2号集流环3)42
1 -1              ！43号部件各边界条件对应部件数目(2号集流环4)43
1 -1              ！44号部件各边界条件对应部件数目(2号集流环5)44
1 -1              ！45号部件各边界条件对应部件数目(2号集流环6)45
1 -1              ！46号部件各边界条件对应部件数目(泵1)46
1 -1              ！47号部件各边界条件对应部件数目(泵2)47
33 39 45                      ！1号部件1号边界dw/dt相关部件编号    =================== #1 中心通道
0 0  0 0  0 0  0 0  0 0       ！1号部件1号边界dw/dt相关部件的边界条件相关性 
33 39 45                   ！1号部件1号边界w相关部件编号 
0 24 0 24 0 24  0 0  0 0       ！1号部件1号边界w相关部件的边界条件相关性 
33 39 45                    ！1号部件1号边界P相关部件编号 
0 24  0 0  0 0  0 0  0 0      ！1号部件1号边界P相关部件的边界条件相关性
33 39 45                    ！1号部件1号边界h相关部件编号 
0 24 0 24 0 24 0  0       ！1号部件1号边界h相关部件的边界条件相关性  
6 15 24                     ！1号部件2号边界dw/dt相关部件编号 。。。。
0 0  0 0  0 0  0 0  0 0       ！1号部件2号边界dw/dt相关部件的边界条件相关性 
6 15 24                     ！1号部件2号边界w相关部件编号 
0 0  0 0  0 0  0 0  0 0       ！1号部件2号边界w相关部件的边界条件相关性 
6 15 24                     ！1号部件2号边界P相关部件编号 
24 0  0 0  0 0  0 0  0 0       ！1号部件2号边界P相关部件的边界条件相关性
6 15 24                     ！1号部件2号边界h相关部件编号 
0 0  0 0  0 0  0 0  0 0       ！1号部件2号边界h相关部件的边界条件相关性
33 39 45                        ！2号部件1号边界dw/dt相关部件编号    =================== #2 第2圈通道
0 0  0 0  0 0  0 0  0 0         ！2号部件1号边界dw/dt相关部件的边界条件相关性 
33 39 45                        ！2号部件1号边界w相关部件编号 
0 24 0 24 0 24  0 0  0 0        ！2号部件1号边界w相关部件的边界条件相关性 
33 39 45                        ！2号部件1号边界P相关部件编号 
0 24  0 0  0 0  0 0  0 0         ！2号部件1号边界P相关部件的边界条件相关性
33 39 45                        ！2号部件1号边界h相关部件编号 
0 24 0 24 0 24 0  0       ！          ！2号部件1号边界h相关部件的边界条件相关性  
6 15 24                         ！2号部件2号边界dw/dt相关部件编号 。。。。
0 0  0 0  0 0  0 0  0 0         ！2号部件2号边界dw/dt相关部件的边界条件相关性 
6 15 24                         ！2号部件2号边界w相关部件编号 
0 0  0 0  0 0  0 0  0 0         ！2号部件2号边界w相关部件的边界条件相关性 
6 15 24                         ！2号部件2号边界P相关部件编号 
24 0  0 0  0 0  0 0  0 0         ！2号部件2号边界P相关部件的边界条件相关性
6 15 24                         ！2号部件2号边界h相关部件编号 
0 0  0 0  0 0  0 0  0 0         ！2号部件2号边界h相关部件的边界条件相关性
33 39 45                    ！3号部件1号边界dw/dt相关部件编号    =================== #3 第3圈通道
0 0  0 0  0 0  0 0  0 0     ！3号部件1号边界dw/dt相关部件的边界条件相关性 
33 39 45                    ！3号部件1号边界w相关部件编号 
0 24 0 24 0 24  0 0  0 0    ！3号部件1号边界w相关部件的边界条件相关性 
33 39 45                    ！3号部件1号边界P相关部件编号 
0 24  0 0  0 0  0 0  0 0     ！3号部件1号边界P相关部件的边界条件相关性
33 39 45                    ！3号部件1号边界h相关部件编号 
0 24 0 24 0 24 0  0       ！     ！3号部件1号边界h相关部件的边界条件相关性  
6 15 24                     ！3号部件2号边界dw/dt相关部件编号 。。。。
0 0  0 0  0 0  0 0  0 0     ！3号部件2号边界dw/dt相关部件的边界条件相关性 
6 15 24                     ！3号部件2号边界w相关部件编号 
0 0  0 0  0 0  0 0  0 0     ！3号部件2号边界w相关部件的边界条件相关性 
6 15 24                     ！3号部件2号边界P相关部件编号 
24 0  0 0  0 0  0 0  0 0     ！3号部件2号边界P相关部件的边界条件相关性
6 15 24                     ！3号部件2号边界h相关部件编号 
0 0  0 0  0 0  0 0  0 0     ！3号部件2号边界h相关部件的边界条件相关性
33 39 45                        ！4号部件1号边界dw/dt相关部件编号    =================== #4 第4圈通道
0 0  0 0  0 0  0 0  0 0         ！4号部件1号边界dw/dt相关部件的边界条件相关性 
33 39 45                        ！4号部件1号边界w相关部件编号 
0 24 0 24 0 24  0 0  0 0        ！4号部件1号边界w相关部件的边界条件相关性 
33 39 45                        ！4号部件1号边界P相关部件编号 
0 24  0 0  0 0  0 0  0 0         ！4号部件1号边界P相关部件的边界条件相关性
33 39 45                        ！4号部件1号边界h相关部件编号 
0 24 0 24 0 24 0  0       ！          ！4号部件1号边界h相关部件的边界条件相关性  
6 15 24                         ！4号部件2号边界dw/dt相关部件编号 。。。。
0 0  0 0  0 0  0 0  0 0         ！4号部件2号边界dw/dt相关部件的边界条件相关性 
6 15 24                         ！4号部件2号边界w相关部件编号 
0 0  0 0  0 0  0 0  0 0         ！4号部件2号边界w相关部件的边界条件相关性 
6 15 24                         ！4号部件2号边界P相关部件编号 
24 0  0 0  0 0  0 0  0 0         ！4号部件2号边界P相关部件的边界条件相关性
6 15 24                         ！4号部件2号边界h相关部件编号 
0 0  0 0  0 0  0 0  0 0         ！4号部件2号边界h相关部件的边界条件相关性
33 39 45                     ！5号部件1号边界dw/dt相关部件编号    =================== #5 第5圈通道
0 0  0 0  0 0  0 0  0 0      ！5号部件1号边界dw/dt相关部件的边界条件相关性 
33 39 45                     ！5号部件1号边界w相关部件编号 
0 24 0 24 0 24  0 0  0 0     ！5号部件1号边界w相关部件的边界条件相关性 
33 39 45                     ！5号部件1号边界P相关部件编号 
0 24  0 0  0 0  0 0  0 0      ！5号部件1号边界P相关部件的边界条件相关性
33 39 45                     ！5号部件1号边界h相关部件编号 
0 24 0 24 0 24 0  0       ！       ！5号部件1号边界h相关部件的边界条件相关性  
6 15 24                      ！5号部件2号边界dw/dt相关部件编号 。。。。
0 0  0 0  0 0  0 0  0 0      ！5号部件2号边界dw/dt相关部件的边界条件相关性 
6 15 24                      ！5号部件2号边界w相关部件编号 
0 0  0 0  0 0  0 0  0 0      ！5号部件2号边界w相关部件的边界条件相关性 
6 15 24                      ！5号部件2号边界P相关部件编号 
24 0  0 0  0 0  0 0  0 0     ！5号部件2号边界P相关部件的边界条件相关性
6 15 24                      ！5号部件2号边界h相关部件编号 
0 0  0 0  0 0  0 0  0 0      ！5号部件2号边界h相关部件的边界条件相关性
1 2 3 4 5                        ！6号部件1号边界dw/dt相关部件编号 =================== #6 出01
0 0  0 0  0 0  0 0  0 0          ！6号部件1号边界dw/dt相关部件的边界条件相关性 
1 2 3 4 5                        ！6号部件1号边界w相关部件编号 
0 8  0 8  0 8  0 8  0 8     ！6号部件1号边界w相关部件的边界条件相关性 
1 2 3 4 5                        ！6号部件1号边界P相关部件编号 
0 0  0 0  0 0  0 0  0 0          ！6号部件1号边界P相关部件的边界条件相关性
1 2 3 4 5                        ！6号部件1号边界h相关部件编号 
0 8  0 8  0 8  0 8  0 8     ！6号部件1号边界h相关部件的边界条件相关性
7                             ！6号部件2号边界dw/dt相关部件编号    
0 0 0 0 0                          ！6号部件2号边界dw/dt相关部件的边界条件相关性 
7                             ！6号部件2号边界w相关部件编号 
0 0 0 0 0                          ！6号部件2号边界w相关部件的边界条件相关性 
7                             ！6号部件2号边界P相关部件编号 
24 0 0 0 0                         ！6号部件2号边界P相关部件的边界条件相关性
7                             ！6号部件2号边界h相关部件编号 
0 0 0 0 0                          ！6号部件2号边界h相关部件的边界条件相关性  
6              ！7号部件1号边界dw/dt相关部件编号    =================== #7 出02
0 0            ！7号部件1号边界dw/dt相关部件的边界条件相关性 
6              ！7号部件1号边界w相关部件编号 
0 24            ！7号部件1号边界w相关部件的边界条件相关性 
6              ！7号部件1号边界P相关部件编号 
0 0            ！7号部件1号边界P相关部件的边界条件相关性
6              ！7号部件1号边界h相关部件编号 
0 24            ！7号部件1号边界h相关部件的边界条件相关性  
8                  ！7号部件2号边界dw/dt相关部件编号 
0 0              ！7号部件2号边界dw/dt相关部件的边界条件相关性 
8                ！7号部件2号边界w相关部件编号 
0 0               ！7号部件2号边界w相关部件的边界条件相关性 
8                 ！7号部件2号边界P相关部件编号 
24 0                ！7号部件2号边界P相关部件的边界条件相关性
8                  ！7号部件2号边界h相关部件编号 
0 0              ！7号部件2号边界h相关部件的边界条件相关性
7               ！8号部件1号边界dw/dt相关部件编号    =================== #8 出03
0 0            ！8号部件1号边界dw/dt相关部件的边界条件相关性 
7               ！8号部件1号边界w相关部件编号 
0 24             ！8号部件1号边界w相关部件的边界条件相关性 
7               ！8号部件1号边界P相关部件编号 
0 0              ！8号部件1号边界P相关部件的边界条件相关性
7               ！8号部件1号边界h相关部件编号 
0 24             ！8号部件1号边界h相关部件的边界条件相关性
9           ！8号部件2号边界dw/dt相关部件编号    
0 0 0 0 0 0         ！8号部件2号边界dw/dt相关部件的边界条件相关性 
9          ！8号部件2号边界w相关部件编号 
0 0 0 0 0 0         ！8号部件2号边界w相关部件的边界条件相关性 
9            ！8号部件2号边界P相关部件编号 
24 0 0 0 0 0        ！8号部件2号边界P相关部件的边界条件相关性
9          ！8号部件2号边界h相关部件编号 
0 0 0 0 0 0        ！8号部件2号边界h相关部件的边界条件相关性  
8             ！13号部件1号边界dw/dt相关部件编号    =================== #9 出04
0 0          ！13号部件1号边界dw/dt相关部件的边界条件相关性 
8           ！13号部件1号边界w相关部件编号 
0 24          ！13号部件1号边界w相关部件的边界条件相关性 
8            ！13号部件1号边界P相关部件编号 
0 0           ！13号部件1号边界P相关部件的边界条件相关性
8           ！13号部件1号边界h相关部件编号 
0 24          ！13号部件1号边界h相关部件的边界条件相关性  
10               ！6号部件2号边界dw/dt相关部件编号 
0 0 0 0             ！6号部件2号边界dw/dt相关部件的边界条件相关性 
10               ！6号部件2号边界w相关部件编号 
0 0 0 0                ！6号部件2号边界w相关部件的边界条件相关性 
10               ！6号部件2号边界P相关部件编号 
24 0 0 0                ！6号部件2号边界P相关部件的边界条件相关性
10               ！6号部件2号边界h相关部件编号 
0 0 0 0                ！6号部件2号边界h相关部件的边界条件相关性
9             ！13号部件1号边界dw/dt相关部件编号    =================== #10 出05
0 0          ！13号部件1号边界dw/dt相关部件的边界条件相关性 
9          ！13号部件1号边界w相关部件编号 
0 24          ！13号部件1号边界w相关部件的边界条件相关性 
9            ！13号部件1号边界P相关部件编号 
0 0           ！13号部件1号边界P相关部件的边界条件相关性
9           ！13号部件1号边界h相关部件编号 
0 24          ！13号部件1号边界h相关部件的边界条件相关性  
11               ！6号部件2号边界dw/dt相关部件编号 
0 0 0 0             ！6号部件2号边界dw/dt相关部件的边界条件相关性 
11                ！6号部件2号边界w相关部件编号 
0 0 0 0                ！6号部件2号边界w相关部件的边界条件相关性 
11               ！6号部件2号边界P相关部件编号 
24 0 0 0                ！6号部件2号边界P相关部件的边界条件相关性
11                ！6号部件2号边界h相关部件编号 
0 0 0 0                ！6号部件2号边界h相关部件的边界条件相关性
10             ！13号部件1号边界dw/dt相关部件编号    =================== #11 出06
0 0          ！13号部件1号边界dw/dt相关部件的边界条件相关性 
10           ！13号部件1号边界w相关部件编号 
0 24          ！13号部件1号边界w相关部件的边界条件相关性 
10            ！13号部件1号边界P相关部件编号 
0 0           ！13号部件1号边界P相关部件的边界条件相关性
10           ！13号部件1号边界h相关部件编号 
0 24          ！13号部件1号边界h相关部件的边界条件相关性  
12 13               ！6号部件2号边界dw/dt相关部件编号 
0 0 0 0             ！6号部件2号边界dw/dt相关部件的边界条件相关性 
12 13               ！6号部件2号边界w相关部件编号 
0 0 0 0                ！6号部件2号边界w相关部件的边界条件相关性 
12 13              ！6号部件2号边界P相关部件编号 
24 0 0 0                ！6号部件2号边界P相关部件的边界条件相关性
12 13               ！6号部件2号边界h相关部件编号 
0 0 0 0                ！6号部件2号边界h相关部件的边界条件相关性
11             ！13号部件1号边界dw/dt相关部件编号    =================== #12 出07
0 0          ！13号部件1号边界dw/dt相关部件的边界条件相关性 
11           ！13号部件1号边界w相关部件编号 
0 12          ！13号部件1号边界w相关部件的边界条件相关性 
11            ！13号部件1号边界P相关部件编号 
0 0           ！13号部件1号边界P相关部件的边界条件相关性
11          ！13号部件1号边界h相关部件编号 
0 12          ！13号部件1号边界h相关部件的边界条件相关性  
14                ！6号部件2号边界dw/dt相关部件编号 
0 0 0 0             ！6号部件2号边界dw/dt相关部件的边界条件相关性 
14                ！6号部件2号边界w相关部件编号 
0 0 0 0                ！6号部件2号边界w相关部件的边界条件相关性 
14               ！6号部件2号边界P相关部件编号 
24 0 0 0                ！6号部件2号边界P相关部件的边界条件相关性
13                ！6号部件2号边界h相关部件编号 
0 0
11             ！13号部件1号边界dw/dt相关部件编号    =================== #13 出08
0 0          ！13号部件1号边界dw/dt相关部件的边界条件相关性 
11           ！13号部件1号边界w相关部件编号 
0 12         ！13号部件1号边界w相关部件的边界条件相关性 
11            ！13号部件1号边界P相关部件编号 
0 0           ！13号部件1号边界P相关部件的边界条件相关性
11          ！13号部件1号边界h相关部件编号 
0 12          ！13号部件1号边界h相关部件的边界条件相关性  
54 55               ！6号部件2号边界dw/dt相关部件编号 
0 0 0 0             ！6号部件2号边界dw/dt相关部件的边界条件相关性 
54 55               ！6号部件2号边界w相关部件编号 
0 0 0 0                ！6号部件2号边界w相关部件的边界条件相关性 
54 55               ！6号部件2号边界P相关部件编号 
24 0 0 0                ！6号部件2号边界P相关部件的边界条件相关性
54 55                ！6号部件2号边界h相关部件编号 
0 0
12             ！13号部件1号边界dw/dt相关部件编号    =================== #14 出09
0 0          ！13号部件1号边界dw/dt相关部件的边界条件相关性 
12           ！13号部件1号边界w相关部件编号 
0 24         ！13号部件1号边界w相关部件的边界条件相关性 
12            ！13号部件1号边界P相关部件编号 
0 0           ！13号部件1号边界P相关部件的边界条件相关性
12           ！13号部件1号边界h相关部件编号 
0 24          ！13号部件1号边界h相关部件的边界条件相关性  
60 61                ！6号部件2号边界dw/dt相关部件编号 
0 0 0 0             ！6号部件2号边界dw/dt相关部件的边界条件相关性 
60 61                ！6号部件2号边界w相关部件编号 
0 0 0 0                ！6号部件2号边界w相关部件的边界条件相关性 
60 61               ！6号部件2号边界P相关部件编号 
24 0 0 0                ！6号部件2号边界P相关部件的边界条件相关性
60 61                ！6号部件2号边界h相关部件编号 
0 0 0 0                ！6号部件2号边界h相关部件的边界条件相关性
1 2 3 4 5                        ！6号部件1号边界dw/dt相关部件编号 =================== #15 出11
0 0  0 0  0 0  0 0  0 0          ！6号部件1号边界dw/dt相关部件的边界条件相关性 
1 2 3 4 5                        ！6号部件1号边界w相关部件编号 
0 8  0 8  0 8  0 8  0 8     ！6号部件1号边界w相关部件的边界条件相关性 
1 2 3 4 5                        ！6号部件1号边界P相关部件编号 
0 0  0 0  0 0  0 0  0 0          ！6号部件1号边界P相关部件的边界条件相关性
1 2 3 4 5                        ！6号部件1号边界h相关部件编号 
0 8  0 8  0 8  0 8  0 8     ！6号部件1号边界h相关部件的边界条件相关性
16                            ！6号部件2号边界dw/dt相关部件编号    
0 0 0 0 0                          ！6号部件2号边界dw/dt相关部件的边界条件相关性 
16                             ！6号部件2号边界w相关部件编号 
0 0 0 0 0                          ！6号部件2号边界w相关部件的边界条件相关性 
16                             ！6号部件2号边界P相关部件编号 
24 0 0 0 0                         ！6号部件2号边界P相关部件的边界条件相关性
16                             ！6号部件2号边界h相关部件编号 
0 0 0 0 0                          ！6号部件2号边界h相关部件的边界条件相关性  
15              ！7号部件1号边界dw/dt相关部件编号    =================== #16 出12
0 0            ！7号部件1号边界dw/dt相关部件的边界条件相关性 
15              ！7号部件1号边界w相关部件编号 
0 24            ！7号部件1号边界w相关部件的边界条件相关性 
15              ！7号部件1号边界P相关部件编号 
0 0            ！7号部件1号边界P相关部件的边界条件相关性
15              ！7号部件1号边界h相关部件编号 
0 24            ！7号部件1号边界h相关部件的边界条件相关性  
17                  ！7号部件2号边界dw/dt相关部件编号 
0 0              ！7号部件2号边界dw/dt相关部件的边界条件相关性 
17                ！7号部件2号边界w相关部件编号 
0 0               ！7号部件2号边界w相关部件的边界条件相关性 
17                 ！7号部件2号边界P相关部件编号 
24 0                ！7号部件2号边界P相关部件的边界条件相关性
17                  ！7号部件2号边界h相关部件编号 
0 0              ！7号部件2号边界h相关部件的边界条件相关性
16               ！8号部件1号边界dw/dt相关部件编号    =================== #17 出13
0 0            ！8号部件1号边界dw/dt相关部件的边界条件相关性 
16               ！8号部件1号边界w相关部件编号 
0 24             ！8号部件1号边界w相关部件的边界条件相关性 
16               ！8号部件1号边界P相关部件编号 
0 0              ！8号部件1号边界P相关部件的边界条件相关性
16               ！8号部件1号边界h相关部件编号 
0 24             ！8号部件1号边界h相关部件的边界条件相关性
18           ！8号部件2号边界dw/dt相关部件编号    
0 0 0 0 0 0         ！8号部件2号边界dw/dt相关部件的边界条件相关性 
18          ！8号部件2号边界w相关部件编号 
0 0 0 0 0 0         ！8号部件2号边界w相关部件的边界条件相关性 
18            ！8号部件2号边界P相关部件编号 
24 0 0 0 0 0        ！8号部件2号边界P相关部件的边界条件相关性
18          ！8号部件2号边界h相关部件编号 
0 0 0 0 0 0        ！8号部件2号边界h相关部件的边界条件相关性  
17             ！13号部件1号边界dw/dt相关部件编号    =================== #18 出14
0 0          ！13号部件1号边界dw/dt相关部件的边界条件相关性 
17           ！13号部件1号边界w相关部件编号 
0 24          ！13号部件1号边界w相关部件的边界条件相关性 
17            ！13号部件1号边界P相关部件编号 
0 0           ！13号部件1号边界P相关部件的边界条件相关性
17           ！13号部件1号边界h相关部件编号 
0 24          ！13号部件1号边界h相关部件的边界条件相关性  
19               ！6号部件2号边界dw/dt相关部件编号 
0 0 0 0             ！6号部件2号边界dw/dt相关部件的边界条件相关性 
19               ！6号部件2号边界w相关部件编号 
0 0 0 0                ！6号部件2号边界w相关部件的边界条件相关性 
19               ！6号部件2号边界P相关部件编号 
24 0 0 0                ！6号部件2号边界P相关部件的边界条件相关性
19               ！6号部件2号边界h相关部件编号 
0 0 0 0                ！6号部件2号边界h相关部件的边界条件相关性
18             ！13号部件1号边界dw/dt相关部件编号    =================== #19 出15
0 0          ！13号部件1号边界dw/dt相关部件的边界条件相关性 
18          ！13号部件1号边界w相关部件编号 
0 24          ！13号部件1号边界w相关部件的边界条件相关性 
18            ！13号部件1号边界P相关部件编号 
0 0           ！13号部件1号边界P相关部件的边界条件相关性
18           ！13号部件1号边界h相关部件编号 
0 24          ！13号部件1号边界h相关部件的边界条件相关性  
20               ！6号部件2号边界dw/dt相关部件编号 
0 0 0 0             ！6号部件2号边界dw/dt相关部件的边界条件相关性 
20                ！6号部件2号边界w相关部件编号 
0 0 0 0                ！6号部件2号边界w相关部件的边界条件相关性 
20               ！6号部件2号边界P相关部件编号 
24 0 0 0                ！6号部件2号边界P相关部件的边界条件相关性
20                ！6号部件2号边界h相关部件编号 
0 0 0 0                ！6号部件2号边界h相关部件的边界条件相关性
19             ！13号部件1号边界dw/dt相关部件编号    =================== #20 出16
0 0          ！13号部件1号边界dw/dt相关部件的边界条件相关性 
19           ！13号部件1号边界w相关部件编号 
0 24          ！13号部件1号边界w相关部件的边界条件相关性 
19           ！13号部件1号边界P相关部件编号 
0 0           ！13号部件1号边界P相关部件的边界条件相关性
19           ！13号部件1号边界h相关部件编号 
0 24          ！13号部件1号边界h相关部件的边界条件相关性  
21 22               ！6号部件2号边界dw/dt相关部件编号 
0 0 0 0             ！6号部件2号边界dw/dt相关部件的边界条件相关性 
21 22              ！6号部件2号边界w相关部件编号 
0 0 0 0                ！6号部件2号边界w相关部件的边界条件相关性 
21 22              ！6号部件2号边界P相关部件编号 
24 0 0 0                ！6号部件2号边界P相关部件的边界条件相关性
21 22               ！6号部件2号边界h相关部件编号 
0 0 0 0                ！6号部件2号边界h相关部件的边界条件相关性
20             ！13号部件1号边界dw/dt相关部件编号    =================== #21 出17
0 0          ！13号部件1号边界dw/dt相关部件的边界条件相关性 
20           ！13号部件1号边界w相关部件编号 
0 12          ！13号部件1号边界w相关部件的边界条件相关性 
20            ！13号部件1号边界P相关部件编号 
0 0           ！13号部件1号边界P相关部件的边界条件相关性
20          ！13号部件1号边界h相关部件编号 
0 12          ！13号部件1号边界h相关部件的边界条件相关性  
23                ！6号部件2号边界dw/dt相关部件编号 
0 0 0 0             ！6号部件2号边界dw/dt相关部件的边界条件相关性 
23                ！6号部件2号边界w相关部件编号 
0 0 0 0                ！6号部件2号边界w相关部件的边界条件相关性 
23               ！6号部件2号边界P相关部件编号 
24 0 0 0                ！6号部件2号边界P相关部件的边界条件相关性
23                ！6号部件2号边界h相关部件编号 
0 0
20             ！13号部件1号边界dw/dt相关部件编号    =================== #22 出18
0 0          ！13号部件1号边界dw/dt相关部件的边界条件相关性 
20           ！13号部件1号边界w相关部件编号 
0 12         ！13号部件1号边界w相关部件的边界条件相关性 
20            ！13号部件1号边界P相关部件编号 
0 0           ！13号部件1号边界P相关部件的边界条件相关性
20          ！13号部件1号边界h相关部件编号 
0 12          ！13号部件1号边界h相关部件的边界条件相关性  
56 57                ！6号部件2号边界dw/dt相关部件编号 
0 0 0 0             ！6号部件2号边界dw/dt相关部件的边界条件相关性 
56 57                ！6号部件2号边界w相关部件编号 
0 0 0 0                ！6号部件2号边界w相关部件的边界条件相关性 
56 57               ！6号部件2号边界P相关部件编号 
24 0 0 0                ！6号部件2号边界P相关部件的边界条件相关性
56 57                ！6号部件2号边界h相关部件编号 
0 0
21             ！13号部件1号边界dw/dt相关部件编号    =================== #23 出19
0 0          ！13号部件1号边界dw/dt相关部件的边界条件相关性 
21           ！13号部件1号边界w相关部件编号 
0 24         ！13号部件1号边界w相关部件的边界条件相关性 
21            ！13号部件1号边界P相关部件编号 
0 0           ！13号部件1号边界P相关部件的边界条件相关性
21           ！13号部件1号边界h相关部件编号 
0 24          ！13号部件1号边界h相关部件的边界条件相关性  
62 63                ！6号部件2号边界dw/dt相关部件编号 
0 0 0 0             ！6号部件2号边界dw/dt相关部件的边界条件相关性 
62 63                 ！6号部件2号边界w相关部件编号 
0 0 0 0                ！6号部件2号边界w相关部件的边界条件相关性 
62 63                ！6号部件2号边界P相关部件编号 
24 0 0 0                ！6号部件2号边界P相关部件的边界条件相关性
62 63                 ！6号部件2号边界h相关部件编号 
0 0 0 0                ！6号部件2号边界h相关部件的边界条件相关性
1 2 3 4 5                        ！6号部件1号边界dw/dt相关部件编号 =================== #24 出21
0 0  0 0  0 0  0 0  0 0          ！6号部件1号边界dw/dt相关部件的边界条件相关性 
1 2 3 4 5                        ！6号部件1号边界w相关部件编号 
0 8  0 8  0 8  0 8  0 8     ！6号部件1号边界w相关部件的边界条件相关性 
1 2 3 4 5                        ！6号部件1号边界P相关部件编号 
0 0  0 0  0 0  0 0  0 0          ！6号部件1号边界P相关部件的边界条件相关性
1 2 3 4 5                        ！6号部件1号边界h相关部件编号 
0 8  0 8  0 8  0 8  0 8     ！6号部件1号边界h相关部件的边界条件相关性
25                            ！6号部件2号边界dw/dt相关部件编号    
0 0 0 0 0                          ！6号部件2号边界dw/dt相关部件的边界条件相关性 
25                             ！6号部件2号边界w相关部件编号 
0 0 0 0 0                          ！6号部件2号边界w相关部件的边界条件相关性 
25                             ！6号部件2号边界P相关部件编号 
24 0 0 0 0                         ！6号部件2号边界P相关部件的边界条件相关性
25                             ！6号部件2号边界h相关部件编号 
0 0 0 0 0                          ！6号部件2号边界h相关部件的边界条件相关性  
24              ！7号部件1号边界dw/dt相关部件编号    =================== #25 出22
0 0            ！7号部件1号边界dw/dt相关部件的边界条件相关性 
24              ！7号部件1号边界w相关部件编号 
0 24            ！7号部件1号边界w相关部件的边界条件相关性 
24             ！7号部件1号边界P相关部件编号 
0 0            ！7号部件1号边界P相关部件的边界条件相关性
24              ！7号部件1号边界h相关部件编号 
0 24            ！7号部件1号边界h相关部件的边界条件相关性  
26                  ！7号部件2号边界dw/dt相关部件编号 
0 0              ！7号部件2号边界dw/dt相关部件的边界条件相关性 
26               ！7号部件2号边界w相关部件编号 
0 0               ！7号部件2号边界w相关部件的边界条件相关性 
26                 ！7号部件2号边界P相关部件编号 
24 0                ！7号部件2号边界P相关部件的边界条件相关性
26                  ！7号部件2号边界h相关部件编号 
0 0              ！7号部件2号边界h相关部件的边界条件相关性
25               ！8号部件1号边界dw/dt相关部件编号    =================== #26 出23
0 0            ！8号部件1号边界dw/dt相关部件的边界条件相关性 
25               ！8号部件1号边界w相关部件编号 
0 24             ！8号部件1号边界w相关部件的边界条件相关性 
25               ！8号部件1号边界P相关部件编号 
0 0              ！8号部件1号边界P相关部件的边界条件相关性
25               ！8号部件1号边界h相关部件编号 
0 24             ！8号部件1号边界h相关部件的边界条件相关性
27           ！8号部件2号边界dw/dt相关部件编号    
0 0 0 0 0 0         ！8号部件2号边界dw/dt相关部件的边界条件相关性 
27          ！8号部件2号边界w相关部件编号 
0 0 0 0 0 0         ！8号部件2号边界w相关部件的边界条件相关性 
27            ！8号部件2号边界P相关部件编号 
24 0 0 0 0 0        ！8号部件2号边界P相关部件的边界条件相关性
27          ！8号部件2号边界h相关部件编号 
0 0 0 0 0 0        ！8号部件2号边界h相关部件的边界条件相关性  
26             ！13号部件1号边界dw/dt相关部件编号    =================== #27 出24
0 0          ！13号部件1号边界dw/dt相关部件的边界条件相关性 
26          ！13号部件1号边界w相关部件编号 
0 24          ！13号部件1号边界w相关部件的边界条件相关性 
26            ！13号部件1号边界P相关部件编号 
0 0           ！13号部件1号边界P相关部件的边界条件相关性
26           ！13号部件1号边界h相关部件编号 
0 24          ！13号部件1号边界h相关部件的边界条件相关性  
28               ！6号部件2号边界dw/dt相关部件编号 
0 0 0 0             ！6号部件2号边界dw/dt相关部件的边界条件相关性 
28               ！6号部件2号边界w相关部件编号 
0 0 0 0                ！6号部件2号边界w相关部件的边界条件相关性 
28               ！6号部件2号边界P相关部件编号 
24 0 0 0                ！6号部件2号边界P相关部件的边界条件相关性
28               ！6号部件2号边界h相关部件编号 
0 0 0 0                ！6号部件2号边界h相关部件的边界条件相关性
27             ！13号部件1号边界dw/dt相关部件编号    =================== #28 出25
0 0          ！13号部件1号边界dw/dt相关部件的边界条件相关性 
27          ！13号部件1号边界w相关部件编号 
0 24          ！13号部件1号边界w相关部件的边界条件相关性 
27            ！13号部件1号边界P相关部件编号 
0 0           ！13号部件1号边界P相关部件的边界条件相关性
27           ！13号部件1号边界h相关部件编号 
0 24          ！13号部件1号边界h相关部件的边界条件相关性  
29               ！6号部件2号边界dw/dt相关部件编号 
0 0 0 0             ！6号部件2号边界dw/dt相关部件的边界条件相关性 
29                ！6号部件2号边界w相关部件编号 
0 0 0 0                ！6号部件2号边界w相关部件的边界条件相关性 
29               ！6号部件2号边界P相关部件编号 
24 0 0 0                ！6号部件2号边界P相关部件的边界条件相关性
29                ！6号部件2号边界h相关部件编号 
0 0 0 0                ！6号部件2号边界h相关部件的边界条件相关性
28             ！13号部件1号边界dw/dt相关部件编号    =================== #29 出26
0 0          ！13号部件1号边界dw/dt相关部件的边界条件相关性 
28           ！13号部件1号边界w相关部件编号 
0 24          ！13号部件1号边界w相关部件的边界条件相关性 
28           ！13号部件1号边界P相关部件编号 
0 0           ！13号部件1号边界P相关部件的边界条件相关性
28           ！13号部件1号边界h相关部件编号 
0 24          ！13号部件1号边界h相关部件的边界条件相关性  
30 31               ！6号部件2号边界dw/dt相关部件编号 
0 0 0 0             ！6号部件2号边界dw/dt相关部件的边界条件相关性 
30 31              ！6号部件2号边界w相关部件编号 
0 0 0 0                ！6号部件2号边界w相关部件的边界条件相关性 
30 31              ！6号部件2号边界P相关部件编号 
24 0 0 0                ！6号部件2号边界P相关部件的边界条件相关性
30 31               ！6号部件2号边界h相关部件编号 
0 0 0 0                ！6号部件2号边界h相关部件的边界条件相关性
29             ！13号部件1号边界dw/dt相关部件编号    =================== #30 出27
0 0          ！13号部件1号边界dw/dt相关部件的边界条件相关性 
29           ！13号部件1号边界w相关部件编号 
0 12          ！13号部件1号边界w相关部件的边界条件相关性 
29            ！13号部件1号边界P相关部件编号 
0 0           ！13号部件1号边界P相关部件的边界条件相关性
29          ！13号部件1号边界h相关部件编号 
0 12          ！13号部件1号边界h相关部件的边界条件相关性  
32                ！6号部件2号边界dw/dt相关部件编号 
0 0 0 0             ！6号部件2号边界dw/dt相关部件的边界条件相关性 
32                ！6号部件2号边界w相关部件编号 
0 0 0 0                ！6号部件2号边界w相关部件的边界条件相关性 
32               ！6号部件2号边界P相关部件编号 
24 0 0 0                ！6号部件2号边界P相关部件的边界条件相关性
32                ！6号部件2号边界h相关部件编号 
0 0
29             ！13号部件1号边界dw/dt相关部件编号    =================== #31 出28
0 0          ！13号部件1号边界dw/dt相关部件的边界条件相关性 
29           ！13号部件1号边界w相关部件编号 
0 12         ！13号部件1号边界w相关部件的边界条件相关性 
29            ！13号部件1号边界P相关部件编号 
0 0           ！13号部件1号边界P相关部件的边界条件相关性
29          ！13号部件1号边界h相关部件编号 
0 12          ！13号部件1号边界h相关部件的边界条件相关性  
58 59                ！6号部件2号边界dw/dt相关部件编号 
0 0 0 0             ！6号部件2号边界dw/dt相关部件的边界条件相关性 
58 59                ！6号部件2号边界w相关部件编号 
0 0 0 0                ！6号部件2号边界w相关部件的边界条件相关性 
58 59               ！6号部件2号边界P相关部件编号 
24 0 0 0                ！6号部件2号边界P相关部件的边界条件相关性
58 59                ！6号部件2号边界h相关部件编号 
0 0 0 0
30             ！13号部件1号边界dw/dt相关部件编号    =================== #32 出29
0 0          ！13号部件1号边界dw/dt相关部件的边界条件相关性 
30           ！13号部件1号边界w相关部件编号 
0 24         ！13号部件1号边界w相关部件的边界条件相关性 
30            ！13号部件1号边界P相关部件编号 
0 0           ！13号部件1号边界P相关部件的边界条件相关性
30           ！13号部件1号边界h相关部件编号 
0 24          ！13号部件1号边界h相关部件的边界条件相关性  
64 65                ！6号部件2号边界dw/dt相关部件编号 
0 0 0 0             ！6号部件2号边界dw/dt相关部件的边界条件相关性 
64 65                 ！6号部件2号边界w相关部件编号 
0 0 0 0                ！6号部件2号边界w相关部件的边界条件相关性 
64 65               ！6号部件2号边界P相关部件编号 
24 0 0 0                ！6号部件2号边界P相关部件的边界条件相关性
64 65                ！6号部件2号边界h相关部件编号 
0 0 0 0                ！6号部件2号边界h相关部件的边界条件相关性
34             ！13号部件1号边界dw/dt相关部件编号    =================== #33 进01
0 0          ！13号部件1号边界dw/dt相关部件的边界条件相关性 
34           ！13号部件1号边界w相关部件编号 
0 24         ！13号部件1号边界w相关部件的边界条件相关性 
34            ！13号部件1号边界P相关部件编号 
0 24           ！13号部件1号边界P相关部件的边界条件相关性
34           ！13号部件1号边界h相关部件编号 
0 24          ！13号部件1号边界h相关部件的边界条件相关性  
1 2 3 4 5                        ！6号部件1号边界P相关部件编号 
0 0  0 0  0 0  0 0  0 0
1 2 3 4 5                        ！6号部件1号边界P相关部件编号 
0 0  0 0  0 0  0 0  0 0
1 2 3 4 5                        ！6号部件1号边界P相关部件编号 
0 0  0 0  0 0  0 0  0 0
1 2 3 4 5                        ！6号部件1号边界P相关部件编号 
0 0  0 0  0 0  0 0  0 0
35             ！13号部件1号边界dw/dt相关部件编号    =================== #34 进02
0 0          ！13号部件1号边界dw/dt相关部件的边界条件相关性 
35           ！13号部件1号边界w相关部件编号 
0 24         ！13号部件1号边界w相关部件的边界条件相关性 
35            ！13号部件1号边界P相关部件编号 
0 24           ！13号部件1号边界P相关部件的边界条件相关性
35           ！13号部件1号边界h相关部件编号 
0 24          ！13号部件1号边界h相关部件的边界条件相关性  
33                ！6号部件2号边界dw/dt相关部件编号 
0 0 0 0             ！6号部件2号边界dw/dt相关部件的边界条件相关性 
33                ！6号部件2号边界w相关部件编号 
0 0 0 0                ！6号部件2号边界w相关部件的边界条件相关性 
33               ！6号部件2号边界P相关部件编号 
24 0 0 0                ！6号部件2号边界P相关部件的边界条件相关性
33                ！6号部件2号边界h相关部件编号 
0 0 0 0                ！6号部件2号边界h相关部件的边界条件相关性
51             ！13号部件1号边界dw/dt相关部件编号    =================== #35 进03
0 0          ！13号部件1号边界dw/dt相关部件的边界条件相关性 
51           ！13号部件1号边界w相关部件编号 
0 8         ！13号部件1号边界w相关部件的边界条件相关性 
51            ！13号部件1号边界P相关部件编号 
0 24          ！13号部件1号边界P相关部件的边界条件相关性
51         ！13号部件1号边界h相关部件编号 
0 8          ！13号部件1号边界h相关部件的边界条件相关性  
34                ！6号部件2号边界dw/dt相关部件编号 
0 0 0 0             ！6号部件2号边界dw/dt相关部件的边界条件相关性 
34                ！6号部件2号边界w相关部件编号 
0 0 0 0                ！6号部件2号边界w相关部件的边界条件相关性 
34               ！6号部件2号边界P相关部件编号 
0 0 0 0                ！6号部件2号边界P相关部件的边界条件相关性
34                ！6号部件2号边界h相关部件编号 
0 0 0 0                ！6号部件2号边界h相关部件的边界条件相关性
55 56             ！13号部件1号边界dw/dt相关部件编号    =================== #36 进04
0 0 0 0         ！13号部件1号边界dw/dt相关部件的边界条件相关性 
55 56          ！13号部件1号边界w相关部件编号 
0 24 0 24       ！13号部件1号边界w相关部件的边界条件相关性 
55 56            ！13号部件1号边界P相关部件编号 
0 0 0 0          ！13号部件1号边界P相关部件的边界条件相关性
55 56         ！13号部件1号边界h相关部件编号 
0 24 0 24          ！13号部件1号边界h相关部件的边界条件相关性  
38                ！6号部件2号边界dw/dt相关部件编号 
0 0 0 0             ！6号部件2号边界dw/dt相关部件的边界条件相关性 
38                ！6号部件2号边界w相关部件编号 
0 0 0 0                ！6号部件2号边界w相关部件的边界条件相关性 
38               ！6号部件2号边界P相关部件编号 
24 0 0 0                ！6号部件2号边界P相关部件的边界条件相关性
38                ！6号部件2号边界h相关部件编号 
0 0 0 0                ！6号部件2号边界h相关部件的边界条件相关性
61 62             ！13号部件1号边界dw/dt相关部件编号    =================== #37 进05
0 0 0 0         ！13号部件1号边界dw/dt相关部件的边界条件相关性 
61 62           ！13号部件1号边界w相关部件编号 
0 24 0 24        ！13号部件1号边界w相关部件的边界条件相关性 
61 62            ！13号部件1号边界P相关部件编号 
0 0 0 0           ！13号部件1号边界P相关部件的边界条件相关性
61 62         ！13号部件1号边界h相关部件编号 
0 24 0 24         ！13号部件1号边界h相关部件的边界条件相关性  
38                ！6号部件2号边界dw/dt相关部件编号 
0 0 0 0             ！6号部件2号边界dw/dt相关部件的边界条件相关性 
38                ！6号部件2号边界w相关部件编号 
0 0 0 0                ！6号部件2号边界w相关部件的边界条件相关性 
38               ！6号部件2号边界P相关部件编号 
24 0 0 0                ！6号部件2号边界P相关部件的边界条件相关性
38                ！6号部件2号边界h相关部件编号 
0 0 0 0                ！6号部件2号边界h相关部件的边界条件相关性
36 37             ！13号部件1号边界dw/dt相关部件编号    =================== #38 进06
0 0  0 0        ！13号部件1号边界dw/dt相关部件的边界条件相关性 
36 37          ！13号部件1号边界w相关部件编号 
0 24 0 24         ！13号部件1号边界w相关部件的边界条件相关性 
36 37            ！13号部件1号边界P相关部件编号 
0 0  0 0          ！13号部件1号边界P相关部件的边界条件相关性
36 37         ！13号部件1号边界h相关部件编号 
0 24 0 24         ！13号部件1号边界h相关部件的边界条件相关性  
53                ！6号部件2号边界dw/dt相关部件编号 
0 0 0 0             ！6号部件2号边界dw/dt相关部件的边界条件相关性 
53                ！6号部件2号边界w相关部件编号 
0 0 0 0                ！6号部件2号边界w相关部件的边界条件相关性 
53               ！6号部件2号边界P相关部件编号 
24 0 0 0                ！6号部件2号边界P相关部件的边界条件相关性
53                ！6号部件2号边界h相关部件编号 
0 0 0 0                ！6号部件2号边界h相关部件的边界条件相关性
40             ！13号部件1号边界dw/dt相关部件编号    =================== #39 进11
0 0          ！13号部件1号边界dw/dt相关部件的边界条件相关性 
40           ！13号部件1号边界w相关部件编号 
0 24         ！13号部件1号边界w相关部件的边界条件相关性 
40            ！13号部件1号边界P相关部件编号 
0 24           ！13号部件1号边界P相关部件的边界条件相关性
40           ！13号部件1号边界h相关部件编号 
0 24          ！13号部件1号边界h相关部件的边界条件相关性  
1 2 3 4 5                        ！6号部件1号边界P相关部件编号 
0 0  0 0  0 0  0 0  0 0
1 2 3 4 5                        ！6号部件1号边界P相关部件编号 
0 0  0 0  0 0  0 0  0 0
1 2 3 4 5                        ！6号部件1号边界P相关部件编号 
0 0  0 0  0 0  0 0  0 0
1 2 3 4 5                        ！6号部件1号边界P相关部件编号 
0 0  0 0  0 0  0 0  0 0
41             ！13号部件1号边界dw/dt相关部件编号    =================== #40 进12
0 0          ！13号部件1号边界dw/dt相关部件的边界条件相关性 
41           ！13号部件1号边界w相关部件编号 
0 24         ！13号部件1号边界w相关部件的边界条件相关性 
41            ！13号部件1号边界P相关部件编号 
0 24           ！13号部件1号边界P相关部件的边界条件相关性
41           ！13号部件1号边界h相关部件编号 
0 24          ！13号部件1号边界h相关部件的边界条件相关性  
39                ！6号部件2号边界dw/dt相关部件编号 
0 0 0 0             ！6号部件2号边界dw/dt相关部件的边界条件相关性 
39                ！6号部件2号边界w相关部件编号 
0 0 0 0                ！6号部件2号边界w相关部件的边界条件相关性 
39               ！6号部件2号边界P相关部件编号 
0 0 0 0                ！6号部件2号边界P相关部件的边界条件相关性
39                ！6号部件2号边界h相关部件编号 
0 0 0 0                ！6号部件2号边界h相关部件的边界条件相关性
51             ！13号部件1号边界dw/dt相关部件编号    =================== #41 进13
0 0          ！13号部件1号边界dw/dt相关部件的边界条件相关性 
51           ！13号部件1号边界w相关部件编号 
0 8         ！13号部件1号边界w相关部件的边界条件相关性 
51            ！13号部件1号边界P相关部件编号 
0 24           ！13号部件1号边界P相关部件的边界条件相关性
51         ！13号部件1号边界h相关部件编号 
0 8          ！13号部件1号边界h相关部件的边界条件相关性  
40                ！6号部件2号边界dw/dt相关部件编号 
0 0 0 0             ！6号部件2号边界dw/dt相关部件的边界条件相关性 
40                ！6号部件2号边界w相关部件编号 
0 0 0 0                ！6号部件2号边界w相关部件的边界条件相关性 
40              ！6号部件2号边界P相关部件编号 
0 0 0 0                ！6号部件2号边界P相关部件的边界条件相关性
40                ！6号部件2号边界h相关部件编号 
0 0 0 0                ！6号部件2号边界h相关部件的边界条件相关性
57 58            ！13号部件1号边界dw/dt相关部件编号    =================== #42 进14
0 0  0 0        ！13号部件1号边界dw/dt相关部件的边界条件相关性 
57 58          ！13号部件1号边界w相关部件编号 
0 24 0 24        ！13号部件1号边界w相关部件的边界条件相关性 
57 58            ！13号部件1号边界P相关部件编号 
0 0 0 0          ！13号部件1号边界P相关部件的边界条件相关性
57 58         ！13号部件1号边界h相关部件编号 
0 24 0 24         ！13号部件1号边界h相关部件的边界条件相关性  
44                ！6号部件2号边界dw/dt相关部件编号 
0 0 0 0             ！6号部件2号边界dw/dt相关部件的边界条件相关性 
44                ！6号部件2号边界w相关部件编号 
0 0 0 0                ！6号部件2号边界w相关部件的边界条件相关性 
44               ！6号部件2号边界P相关部件编号 
24 0 0 0                ！6号部件2号边界P相关部件的边界条件相关性
44                ！6号部件2号边界h相关部件编号 
0 0 0 0                ！6号部件2号边界h相关部件的边界条件相关性
63 64             ！13号部件1号边界dw/dt相关部件编号    =================== #43 进15
0 0 0 0         ！13号部件1号边界dw/dt相关部件的边界条件相关性 
63 64           ！13号部件1号边界w相关部件编号 
0 24 0 24        ！13号部件1号边界w相关部件的边界条件相关性 
63 64            ！13号部件1号边界P相关部件编号 
0 0 0 0           ！13号部件1号边界P相关部件的边界条件相关性
63 64         ！13号部件1号边界h相关部件编号 
0 24 0 24         ！13号部件1号边界h相关部件的边界条件相关性  
44                ！6号部件2号边界dw/dt相关部件编号 
0 0 0 0             ！6号部件2号边界dw/dt相关部件的边界条件相关性 
44                ！6号部件2号边界w相关部件编号 
0 0 0 0                ！6号部件2号边界w相关部件的边界条件相关性 
44               ！6号部件2号边界P相关部件编号 
24 0 0 0                ！6号部件2号边界P相关部件的边界条件相关性
44                ！6号部件2号边界h相关部件编号 
0 0 0 0                ！6号部件2号边界h相关部件的边界条件相关性
42 43             ！13号部件1号边界dw/dt相关部件编号    =================== #44 进16
0 0 0 0         ！13号部件1号边界dw/dt相关部件的边界条件相关性 
42 43           ！13号部件1号边界w相关部件编号 
0 24  0 24       ！13号部件1号边界w相关部件的边界条件相关性 
42 43            ！13号部件1号边界P相关部件编号 
0 0  0 0         ！13号部件1号边界P相关部件的边界条件相关性
42 43         ！13号部件1号边界h相关部件编号 
0 24 0 24         ！13号部件1号边界h相关部件的边界条件相关性  
53                ！6号部件2号边界dw/dt相关部件编号 
0 0 0 0             ！6号部件2号边界dw/dt相关部件的边界条件相关性 
53                ！6号部件2号边界w相关部件编号 
0 0 0 0                ！6号部件2号边界w相关部件的边界条件相关性 
53               ！6号部件2号边界P相关部件编号 
24 0 0 0                ！6号部件2号边界P相关部件的边界条件相关性
53                ！6号部件2号边界h相关部件编号 
0 0 0 0                ！6号部件2号边界h相关部件的边界条件相关性
46             ！13号部件1号边界dw/dt相关部件编号    =================== #45 进21
0 0          ！13号部件1号边界dw/dt相关部件的边界条件相关性 
46           ！13号部件1号边界w相关部件编号 
0 24         ！13号部件1号边界w相关部件的边界条件相关性 
46            ！13号部件1号边界P相关部件编号 
0 24           ！13号部件1号边界P相关部件的边界条件相关性
46           ！13号部件1号边界h相关部件编号 
0 24          ！13号部件1号边界h相关部件的边界条件相关性  
1 2 3 4 5                        ！6号部件1号边界P相关部件编号 
0 0  0 0  0 0  0 0  0 0
1 2 3 4 5                        ！6号部件1号边界P相关部件编号 
0 0  0 0  0 0  0 0  0 0
1 2 3 4 5                        ！6号部件1号边界P相关部件编号 
0 0  0 0  0 0  0 0  0 0
1 2 3 4 5                        ！6号部件1号边界P相关部件编号 
0 0  0 0  0 0  0 0  0 0
47             ！13号部件1号边界dw/dt相关部件编号    =================== #46 进22
0 0          ！13号部件1号边界dw/dt相关部件的边界条件相关性 
47          ！13号部件1号边界w相关部件编号 
0 24         ！13号部件1号边界w相关部件的边界条件相关性 
47           ！13号部件1号边界P相关部件编号 
0 24           ！13号部件1号边界P相关部件的边界条件相关性
47           ！13号部件1号边界h相关部件编号 
0 24          ！13号部件1号边界h相关部件的边界条件相关性  
45                ！6号部件2号边界dw/dt相关部件编号 
0 0 0 0             ！6号部件2号边界dw/dt相关部件的边界条件相关性 
45                ！6号部件2号边界w相关部件编号 
0 0 0 0                ！6号部件2号边界w相关部件的边界条件相关性 
45               ！6号部件2号边界P相关部件编号 
0 0 0 0                ！6号部件2号边界P相关部件的边界条件相关性
45               ！6号部件2号边界h相关部件编号 
0 0 0 0                ！6号部件2号边界h相关部件的边界条件相关性
51             ！13号部件1号边界dw/dt相关部件编号    =================== #47 进23
0 0          ！13号部件1号边界dw/dt相关部件的边界条件相关性 
51           ！13号部件1号边界w相关部件编号 
0 8         ！13号部件1号边界w相关部件的边界条件相关性 
51            ！13号部件1号边界P相关部件编号 
0 24           ！13号部件1号边界P相关部件的边界条件相关性
51         ！13号部件1号边界h相关部件编号 
0 8          ！13号部件1号边界h相关部件的边界条件相关性  
46                ！6号部件2号边界dw/dt相关部件编号 
0 0 0 0             ！6号部件2号边界dw/dt相关部件的边界条件相关性 
46                ！6号部件2号边界w相关部件编号 
0 0 0 0                ！6号部件2号边界w相关部件的边界条件相关性 
46               ！6号部件2号边界P相关部件编号 
0 0 0 0                ！6号部件2号边界P相关部件的边界条件相关性
46                ！6号部件2号边界h相关部件编号 
0 0 0 0                ！6号部件2号边界h相关部件的边界条件相关性
54 59             ！13号部件1号边界dw/dt相关部件编号    =================== #48 进24
0 0 0 0         ！13号部件1号边界dw/dt相关部件的边界条件相关性 
54 59           ！13号部件1号边界w相关部件编号 
0 24 0 24        ！13号部件1号边界w相关部件的边界条件相关性 
54 59            ！13号部件1号边界P相关部件编号 
0 0  0 0          ！13号部件1号边界P相关部件的边界条件相关性
54 59         ！13号部件1号边界h相关部件编号 
0 24 0 24        ！13号部件1号边界h相关部件的边界条件相关性  
50              ！6号部件2号边界dw/dt相关部件编号 
0 0 0 0             ！6号部件2号边界dw/dt相关部件的边界条件相关性 
50                ！6号部件2号边界w相关部件编号 
0 0 0 0                ！6号部件2号边界w相关部件的边界条件相关性 
50               ！6号部件2号边界P相关部件编号 
24 0 0 0                ！6号部件2号边界P相关部件的边界条件相关性
50                ！6号部件2号边界h相关部件编号 
0 0 0 0                ！6号部件2号边界h相关部件的边界条件相关性
60 65            ！13号部件1号边界dw/dt相关部件编号    =================== #49 进25
0 0 0 0         ！13号部件1号边界dw/dt相关部件的边界条件相关性 
60 65           ！13号部件1号边界w相关部件编号 
0 24 0 24         ！13号部件1号边界w相关部件的边界条件相关性 
60 65            ！13号部件1号边界P相关部件编号 
0 0 0 0           ！13号部件1号边界P相关部件的边界条件相关性
60 65         ！13号部件1号边界h相关部件编号 
0 24 0 24         ！13号部件1号边界h相关部件的边界条件相关性  
50                ！6号部件2号边界dw/dt相关部件编号 
0 0 0 0             ！6号部件2号边界dw/dt相关部件的边界条件相关性 
50                ！6号部件2号边界w相关部件编号 
0 0 0 0                ！6号部件2号边界w相关部件的边界条件相关性 
50               ！6号部件2号边界P相关部件编号 
24 0 0 0                ！6号部件2号边界P相关部件的边界条件相关性
50                ！6号部件2号边界h相关部件编号 
0 0 0 0                ！6号部件2号边界h相关部件的边界条件相关性
48 49             ！13号部件1号边界dw/dt相关部件编号    =================== #50 进26
0 0 0 0        ！13号部件1号边界dw/dt相关部件的边界条件相关性 
48 49           ！13号部件1号边界w相关部件编号 
0 24 0 24        ！13号部件1号边界w相关部件的边界条件相关性 
48 49            ！13号部件1号边界P相关部件编号 
0  0 0 0          ！13号部件1号边界P相关部件的边界条件相关性
48 49         ！13号部件1号边界h相关部件编号 
0 24 0 24         ！13号部件1号边界h相关部件的边界条件相关性  
53                ！6号部件2号边界dw/dt相关部件编号 
0 0 0 0             ！6号部件2号边界dw/dt相关部件的边界条件相关性 
53                ！6号部件2号边界w相关部件编号 
0 0 0 0                ！6号部件2号边界w相关部件的边界条件相关性 
53               ！6号部件2号边界P相关部件编号 
24 0 0 0                ！6号部件2号边界P相关部件的边界条件相关性
53                ！6号部件2号边界h相关部件编号 
0 0 0 0                ！6号部件2号边界h相关部件的边界条件相关性
67             ！13号部件1号边界dw/dt相关部件编号    =================== #51 泵管道
0 0          ！13号部件1号边界dw/dt相关部件的边界条件相关性 
67           ！13号部件1号边界w相关部件编号 
0 24         ！13号部件1号边界w相关部件的边界条件相关性 
67            ！13号部件1号边界P相关部件编号 
0 24           ！13号部件1号边界P相关部件的边界条件相关性
67         ！13号部件1号边界h相关部件编号 
0 24          ！13号部件1号边界h相关部件的边界条件相关性  
35 41 47                ！6号部件2号边界dw/dt相关部件编号 
0 0 0 0 0 0            ！6号部件2号边界dw/dt相关部件的边界条件相关性 
35 41 47                ！6号部件2号边界w相关部件编号 
0 0 0 0 0 0               ！6号部件2号边界w相关部件的边界条件相关性 
35 41 47               ！6号部件2号边界P相关部件编号 
0 0 0 0 0 0               ！6号部件2号边界P相关部件的边界条件相关性
35 41 47                ！6号部件2号边界h相关部件编号 
0 0 0 0 0 0               ！6号部件2号边界h相关部件的边界条件相关性
53             ！13号部件1号边界dw/dt相关部件编号    =================== #52 总管道-辐射器外部
0 0          ！13号部件1号边界dw/dt相关部件的边界条件相关性 
53           ！13号部件1号边界w相关部件编号 
0 24         ！13号部件1号边界w相关部件的边界条件相关性 
53            ！13号部件1号边界P相关部件编号 
0 0           ！13号部件1号边界P相关部件的边界条件相关性
53         ！13号部件1号边界h相关部件编号 
0 24          ！13号部件1号边界h相关部件的边界条件相关性  
66                ！6号部件2号边界dw/dt相关部件编号 
0 0 0 0             ！6号部件2号边界dw/dt相关部件的边界条件相关性 
66                ！6号部件2号边界w相关部件编号 
0 0 0 0                ！6号部件2号边界w相关部件的边界条件相关性 
66               ！6号部件2号边界P相关部件编号 
24 0 0 0                ！6号部件2号边界P相关部件的边界条件相关性
66                ！6号部件2号边界h相关部件编号 
0 0 0 0                ！6号部件2号边界h相关部件的边界条件相关性
38 44 50             ！13号部件1号边界dw/dt相关部件编号    =================== #53 总管道-辐射器内部
0 0 0 0 0 0         ！13号部件1号边界dw/dt相关部件的边界条件相关性 
38 44 50          ！13号部件1号边界w相关部件编号 
0 24 0 24 0 24        ！13号部件1号边界w相关部件的边界条件相关性 
38 44 50            ！13号部件1号边界P相关部件编号 
0 0 0 0 0 0          ！13号部件1号边界P相关部件的边界条件相关性
38 44 50         ！13号部件1号边界h相关部件编号 
0 24 0 24 0 24         ！13号部件1号边界h相关部件的边界条件相关性  
52                ！6号部件2号边界dw/dt相关部件编号 
0 0 0 0             ！6号部件2号边界dw/dt相关部件的边界条件相关性 
52                ！6号部件2号边界w相关部件编号 
0 0 0 0                ！6号部件2号边界w相关部件的边界条件相关性 
52               ！6号部件2号边界P相关部件编号 
24 0 0 0                ！6号部件2号边界P相关部件的边界条件相关性
52                ！6号部件2号边界h相关部件编号 
0 0 0 0                ！6号部件2号边界h相关部件的边界条件相关性
13               ！8号部件1号边界dw/dt相关部件编号    =================== #54 1号集流环01
0 0         ！8号部件1号边界dw/dt相关部件的边界条件相关性 
13               ！8号部件1号边界w相关部件编号 
0 12            ！8号部件1号边界w相关部件的边界条件相关性 
13               ！8号部件1号边界P相关部件编号 
0 0           ！8号部件1号边界P相关部件的边界条件相关性
13               ！8号部件1号边界h相关部件编号 
0 12            ！8号部件1号边界h相关部件的边界条件相关性
48            ！8号部件2号边界dw/dt相关部件编号    
0 0          ！8号部件2号边界dw/dt相关部件的边界条件相关性 
48            ！8号部件2号边界w相关部件编号 
0 0          ！8号部件2号边界w相关部件的边界条件相关性 
48            ！8号部件2号边界P相关部件编号 
24 0           ！8号部件2号边界P相关部件的边界条件相关性
48            ！8号部件2号边界h相关部件编号 
0 0          ！8号部件2号边界h相关部件的边界条件相关性 
13               ！8号部件1号边界dw/dt相关部件编号    =================== #55 1号集流环02
0 0         ！8号部件1号边界dw/dt相关部件的边界条件相关性 
13               ！8号部件1号边界w相关部件编号 
0 12            ！8号部件1号边界w相关部件的边界条件相关性 
13               ！8号部件1号边界P相关部件编号 
0 0           ！8号部件1号边界P相关部件的边界条件相关性
13               ！8号部件1号边界h相关部件编号 
0 12            ！8号部件1号边界h相关部件的边界条件相关性
36            ！8号部件2号边界dw/dt相关部件编号    
0 0          ！8号部件2号边界dw/dt相关部件的边界条件相关性 
36            ！8号部件2号边界w相关部件编号 
0 0          ！8号部件2号边界w相关部件的边界条件相关性 
36            ！8号部件2号边界P相关部件编号 
24 0           ！8号部件2号边界P相关部件的边界条件相关性
36            ！8号部件2号边界h相关部件编号 
0 0          ！8号部件2号边界h相关部件的边界条件相关性
22               ！8号部件1号边界dw/dt相关部件编号    =================== #56 1号集流环03
0 0         ！8号部件1号边界dw/dt相关部件的边界条件相关性 
22               ！8号部件1号边界w相关部件编号 
0 12            ！8号部件1号边界w相关部件的边界条件相关性 
22               ！8号部件1号边界P相关部件编号 
0 0           ！8号部件1号边界P相关部件的边界条件相关性
22               ！8号部件1号边界h相关部件编号 
0 12            ！8号部件1号边界h相关部件的边界条件相关性
36            ！8号部件2号边界dw/dt相关部件编号    
0 0          ！8号部件2号边界dw/dt相关部件的边界条件相关性 
36            ！8号部件2号边界w相关部件编号 
0 0          ！8号部件2号边界w相关部件的边界条件相关性 
36            ！8号部件2号边界P相关部件编号 
24 0           ！8号部件2号边界P相关部件的边界条件相关性
36            ！8号部件2号边界h相关部件编号 
0 0          ！8号部件2号边界h相关部件的边界条件相关性  
22               ！8号部件1号边界dw/dt相关部件编号    =================== #57 1号集流环04
0 0         ！8号部件1号边界dw/dt相关部件的边界条件相关性 
22               ！8号部件1号边界w相关部件编号 
0 12            ！8号部件1号边界w相关部件的边界条件相关性 
22               ！8号部件1号边界P相关部件编号 
0 0           ！8号部件1号边界P相关部件的边界条件相关性
22               ！8号部件1号边界h相关部件编号 
0 12            ！8号部件1号边界h相关部件的边界条件相关性
42            ！8号部件2号边界dw/dt相关部件编号    
0 0          ！8号部件2号边界dw/dt相关部件的边界条件相关性 
42            ！8号部件2号边界w相关部件编号 
0 0          ！8号部件2号边界w相关部件的边界条件相关性 
42            ！8号部件2号边界P相关部件编号 
24 0           ！8号部件2号边界P相关部件的边界条件相关性
42            ！8号部件2号边界h相关部件编号 
0 0          ！8号部件2号边界h相关部件的边界条件相关性 
31               ！8号部件1号边界dw/dt相关部件编号    =================== #58 1号集流环05
0 0         ！8号部件1号边界dw/dt相关部件的边界条件相关性 
31               ！8号部件1号边界w相关部件编号 
0 12            ！8号部件1号边界w相关部件的边界条件相关性 
31               ！8号部件1号边界P相关部件编号 
0 0           ！8号部件1号边界P相关部件的边界条件相关性
31               ！8号部件1号边界h相关部件编号 
0 12            ！8号部件1号边界h相关部件的边界条件相关性
42            ！8号部件2号边界dw/dt相关部件编号    
0 0          ！8号部件2号边界dw/dt相关部件的边界条件相关性 
42            ！8号部件2号边界w相关部件编号 
0 0          ！8号部件2号边界w相关部件的边界条件相关性 
42            ！8号部件2号边界P相关部件编号 
24 0           ！8号部件2号边界P相关部件的边界条件相关性
42            ！8号部件2号边界h相关部件编号 
0 0          ！8号部件2号边界h相关部件的边界条件相关性 
31               ！8号部件1号边界dw/dt相关部件编号    =================== #59 1号集流环06
0 0         ！8号部件1号边界dw/dt相关部件的边界条件相关性 
31               ！8号部件1号边界w相关部件编号 
0 12            ！8号部件1号边界w相关部件的边界条件相关性 
31               ！8号部件1号边界P相关部件编号 
0 0           ！8号部件1号边界P相关部件的边界条件相关性
31               ！8号部件1号边界h相关部件编号 
0 12            ！8号部件1号边界h相关部件的边界条件相关性
48            ！8号部件2号边界dw/dt相关部件编号    
0 0          ！8号部件2号边界dw/dt相关部件的边界条件相关性 
48            ！8号部件2号边界w相关部件编号 
0 0          ！8号部件2号边界w相关部件的边界条件相关性 
48            ！8号部件2号边界P相关部件编号 
24 0           ！8号部件2号边界P相关部件的边界条件相关性
48            ！8号部件2号边界h相关部件编号 
0 0          ！8号部件2号边界h相关部件的边界条件相关性 
14               ！8号部件1号边界dw/dt相关部件编号    =================== #60 2号集流环01
0 0         ！8号部件1号边界dw/dt相关部件的边界条件相关性 
14               ！8号部件1号边界w相关部件编号 
0 12            ！8号部件1号边界w相关部件的边界条件相关性 
14               ！8号部件1号边界P相关部件编号 
0 0           ！8号部件1号边界P相关部件的边界条件相关性
14               ！8号部件1号边界h相关部件编号 
0 12            ！8号部件1号边界h相关部件的边界条件相关性
49            ！8号部件2号边界dw/dt相关部件编号    
0 0          ！8号部件2号边界dw/dt相关部件的边界条件相关性 
49            ！8号部件2号边界w相关部件编号 
0 0          ！8号部件2号边界w相关部件的边界条件相关性 
49           ！8号部件2号边界P相关部件编号 
24 0           ！8号部件2号边界P相关部件的边界条件相关性
49            ！8号部件2号边界h相关部件编号 
0 0          ！8号部件2号边界h相关部件的边界条件相关性 
14               ！8号部件1号边界dw/dt相关部件编号    =================== #61 2号集流环02
0 0         ！8号部件1号边界dw/dt相关部件的边界条件相关性 
14               ！8号部件1号边界w相关部件编号 
0 12            ！8号部件1号边界w相关部件的边界条件相关性 
14               ！8号部件1号边界P相关部件编号 
0 0           ！8号部件1号边界P相关部件的边界条件相关性
14               ！8号部件1号边界h相关部件编号 
0 12            ！8号部件1号边界h相关部件的边界条件相关性
37            ！8号部件2号边界dw/dt相关部件编号    
0 0          ！8号部件2号边界dw/dt相关部件的边界条件相关性 
37            ！8号部件2号边界w相关部件编号 
0 0          ！8号部件2号边界w相关部件的边界条件相关性 
37            ！8号部件2号边界P相关部件编号 
24 0           ！8号部件2号边界P相关部件的边界条件相关性
37            ！8号部件2号边界h相关部件编号 
0 0          ！8号部件2号边界h相关部件的边界条件相关性
23               ！8号部件1号边界dw/dt相关部件编号    =================== #62 2号集流环03
0 0         ！8号部件1号边界dw/dt相关部件的边界条件相关性 
23               ！8号部件1号边界w相关部件编号 
0 12            ！8号部件1号边界w相关部件的边界条件相关性 
23               ！8号部件1号边界P相关部件编号 
0 0           ！8号部件1号边界P相关部件的边界条件相关性
23               ！8号部件1号边界h相关部件编号 
0 12            ！8号部件1号边界h相关部件的边界条件相关性
37            ！8号部件2号边界dw/dt相关部件编号    
0 0          ！8号部件2号边界dw/dt相关部件的边界条件相关性 
37            ！8号部件2号边界w相关部件编号 
0 0          ！8号部件2号边界w相关部件的边界条件相关性 
37            ！8号部件2号边界P相关部件编号 
24 0           ！8号部件2号边界P相关部件的边界条件相关性
37            ！8号部件2号边界h相关部件编号 
0 0          ！8号部件2号边界h相关部件的边界条件相关性  
23               ！8号部件1号边界dw/dt相关部件编号    =================== #63 2号集流环04
0 0         ！8号部件1号边界dw/dt相关部件的边界条件相关性 
23               ！8号部件1号边界w相关部件编号 
0 12            ！8号部件1号边界w相关部件的边界条件相关性 
23               ！8号部件1号边界P相关部件编号 
0 0           ！8号部件1号边界P相关部件的边界条件相关性
23               ！8号部件1号边界h相关部件编号 
0 12            ！8号部件1号边界h相关部件的边界条件相关性
43            ！8号部件2号边界dw/dt相关部件编号    
0 0          ！8号部件2号边界dw/dt相关部件的边界条件相关性 
43            ！8号部件2号边界w相关部件编号 
0 0          ！8号部件2号边界w相关部件的边界条件相关性 
43            ！8号部件2号边界P相关部件编号 
24 0           ！8号部件2号边界P相关部件的边界条件相关性
43            ！8号部件2号边界h相关部件编号 
0 0          ！8号部件2号边界h相关部件的边界条件相关性 
32               ！8号部件1号边界dw/dt相关部件编号    =================== #64 2号集流环05
0 0         ！8号部件1号边界dw/dt相关部件的边界条件相关性 
32               ！8号部件1号边界w相关部件编号 
0 12            ！8号部件1号边界w相关部件的边界条件相关性 
32               ！8号部件1号边界P相关部件编号 
0 0           ！8号部件1号边界P相关部件的边界条件相关性
32               ！8号部件1号边界h相关部件编号 
0 12            ！8号部件1号边界h相关部件的边界条件相关性
43            ！8号部件2号边界dw/dt相关部件编号    
0 0          ！8号部件2号边界dw/dt相关部件的边界条件相关性 
43            ！8号部件2号边界w相关部件编号 
0 0          ！8号部件2号边界w相关部件的边界条件相关性 
43            ！8号部件2号边界P相关部件编号 
24 0           ！8号部件2号边界P相关部件的边界条件相关性
43            ！8号部件2号边界h相关部件编号 
0 0          ！8号部件2号边界h相关部件的边界条件相关性 
32               ！8号部件1号边界dw/dt相关部件编号    =================== #65 2号集流环06
0 0         ！8号部件1号边界dw/dt相关部件的边界条件相关性 
32               ！8号部件1号边界w相关部件编号 
0 12            ！8号部件1号边界w相关部件的边界条件相关性 
32               ！8号部件1号边界P相关部件编号 
0 0           ！8号部件1号边界P相关部件的边界条件相关性
32               ！8号部件1号边界h相关部件编号 
0 12            ！8号部件1号边界h相关部件的边界条件相关性
49            ！8号部件2号边界dw/dt相关部件编号    
0 0          ！8号部件2号边界dw/dt相关部件的边界条件相关性 
49            ！8号部件2号边界w相关部件编号 
0 0          ！8号部件2号边界w相关部件的边界条件相关性 
49            ！8号部件2号边界P相关部件编号 
24 0           ！8号部件2号边界P相关部件的边界条件相关性
49            ！8号部件2号边界h相关部件编号 
0 0          ！8号部件2号边界h相关部件的边界条件相关性 
52              ！12号部件1号边界dw/dt相关部件编号    =================== #66 泵A
0 0             ！12号部件1号边界dw/dt相关部件的边界条件相关性 
52              ！12号部件1号边界w相关部件编号 
0 24            ！12号部件1号边界w相关部件的边界条件相关性 
-1 0              ！12号部件1号边界P相关部件编号 
0 0            ！12号部件1号边界P相关部件的边界条件相关性
52              ！12号部件1号边界h相关部件编号 
0 24            ！12号部件1号边界h相关部件的边界条件相关性  
67                  ！12号部件2号边界dw/dt相关部件编号 
0 0                 ！12号部件2号边界dw/dt相关部件的边界条件相关性 
67                  ！12号部件2号边界w相关部件编号 
0 0                 ！12号部件2号边界w相关部件的边界条件相关性 
67                  ！12号部件2号边界P相关部件编号 
0 0                 ！12号部件2号边界P相关部件的边界条件相关性
67                  ！12号部件2号边界h相关部件编号 
0 0                 ！12号部件2号边界h相关部件的边界条件相关性
66                       ！13号部件1号边界dw/dt相关部件编号    =================== #67 泵B
0 0                      ！13号部件1号边界dw/dt相关部件的边界条件相关性 
66                       ！13号部件1号边界w相关部件编号 
0 24                     ！13号部件1号边界w相关部件的边界条件相关性 
66                       ！13号部件1号边界P相关部件编号 
0 24                     ！13号部件1号边界P相关部件的边界条件相关性
66                       ！13号部件1号边界h相关部件编号 
0 24                     ！13号部件1号边界h相关部件的边界条件相关性  
51                   ！13号部件2号边界dw/dt相关部件编号 
0 0  0 0  0 0  0 0  0 0      ！13号部件2号边界dw/dt相关部件的边界条件相关性 
51                    ！13号部件2号边界w相关部件编号 
0 0  0 0  0 0  0 0  0 0      ！13号部件2号边界w相关部件的边界条件相关性 
51                   ！13号部件2号边界P相关部件编号 
0 0  0 0  0 0  0 0  0 0      ！13号部件2号边界P相关部件的边界条件相关性
51                   ！13号部件2号边界h相关部件编号 
0 0  0 0  0 0  0 0  0 0      ！13号部件2号边界h相关部件的边界条件相关性
#
